| Run on Mon Jun 20 13:57:19 2016
| GB non-polar solvation energies calculated with gbsa=2
idecomp = 2: Per-residue decomp adding 1-4 interactions to EEL and VDW.
Energy Decomposition Analysis (All units kcal/mol): Generalized Born Solvent

Total Energy Decomposition:
Residue,Internal,,,van der Waals,,,Electrostatic,,,Polar Solvation,,,Non-Polar Solv.,,,TOTAL,,
,Avg.,Std. Dev.,Std. Err. of Mean,Avg.,Std. Dev.,Std. Err. of Mean,Avg.,Std. Dev.,Std. Err. of Mean,Avg.,Std. Dev.,Std. Err. of Mean,Avg.,Std. Dev.,Std. Err. of Mean,Avg.,Std. Dev.,Std. Err. of Mean
PHE   1,4.562,0.0,0.0,0.532,0.0,0.0,-44.331,0.0,0.0,-49.622,0.0,0.0,1.8195408,0.0,0.0,-87.03945920000001,0.0,0.0
LEU   2,11.645,0.0,0.0,-0.297,0.0,0.0,-17.726,0.0,0.0,-9.802,0.0,0.0,1.0853928,0.0,0.0,-15.0946072,0.0,0.0
GLY   3,5.787,0.0,0.0,-0.767,0.0,0.0,-10.622,0.0,0.0,-7.456,0.0,0.0,0.33179759999999997,0.0,0.0,-12.7262024,0.0,0.0
GLU   4,15.235,0.0,0.0,-1.144,0.0,0.0,-2.165,0.0,0.0,-82.055,0.0,0.0,1.1356776,0.0,0.0,-68.99332240000001,0.0,0.0
GLU   5,15.184,0.0,0.0,-2.245,0.0,0.0,10.461,0.0,0.0,-90.992,0.0,0.0,0.8937072,0.0,0.0,-66.69829280000002,0.0,0.0
ASP   6,12.752,0.0,0.0,-2.814,0.0,0.0,23.152,0.0,0.0,-100.48,0.0,0.0,0.8376767999999999,0.0,0.0,-66.5523232,0.0,0.0
ILE   7,14.322,0.0,0.0,-3.412,0.0,0.0,1.765,0.0,0.0,-5.864,0.0,0.0,0.21366719999999997,0.0,0.0,7.0246672000000006,0.0,0.0
PRO   8,18.462,0.0,0.0,-3.067,0.0,0.0,1.52,0.0,0.0,-3.086,0.0,0.0,0.6658056,0.0,0.0,14.4948056,0.0,0.0
ARG   9,13.902,0.0,0.0,-5.449,0.0,0.0,-216.091,0.0,0.0,3.529,0.0,0.0,0.676296,0.0,0.0,-203.432704,0.0,0.0
GLU  10,16.428,0.0,0.0,-1.016,0.0,0.0,1.437,0.0,0.0,-78.361,0.0,0.0,1.0175256,0.0,0.0,-60.4944744,0.0,0.0
PRO  11,18.205,0.0,0.0,-4.578,0.0,0.0,3.257,0.0,0.0,-7.281,0.0,0.0,0.5790816,0.0,0.0,10.182081600000002,0.0,0.0
ARG  12,11.916,0.0,0.0,-4.229,0.0,0.0,-195.605,0.0,0.0,-5.499,0.0,0.0,0.9361223999999999,0.0,0.0,-192.48087759999999,0.0,0.0
ARG  13,12.009,0.0,0.0,-4.606,0.0,0.0,-150.327,0.0,0.0,-55.488,0.0,0.0,1.3768848,0.0,0.0,-197.0351152,0.0,0.0
ILE  14,13.404,0.0,0.0,-5.874,0.0,0.0,-18.45,0.0,0.0,2.082,0.0,0.0,0.013060800000000001,0.0,0.0,-8.824939199999998,0.0,0.0
VAL  15,10.986,0.0,0.0,-2.984,0.0,0.0,-23.88,0.0,0.0,-4.655,0.0,0.0,0.5286312000000001,0.0,0.0,-20.004368799999998,0.0,0.0
ILE  16,13.768,0.0,0.0,-5.548,0.0,0.0,-13.845,0.0,0.0,-0.095,0.0,0.0,0.018,0.0,0.0,-5.702,0.0,0.0
HIE  17,29.885,0.0,0.0,-4.438,0.0,0.0,-7.482,0.0,0.0,-13.396,0.0,0.0,1.1134152,0.0,0.0,5.682415200000003,0.0,0.0
ARG  18,15.669,0.0,0.0,-8.434,0.0,0.0,-192.494,0.0,0.0,-14.495,0.0,0.0,0.2467872,0.0,0.0,-199.5072128,0.0,0.0
GLY  19,5.683,0.0,0.0,-2.909,0.0,0.0,-12.676,0.0,0.0,-2.433,0.0,0.0,0.22141439999999998,0.0,0.0,-12.1135856,0.0,0.0
SER  20,11.854,0.0,0.0,-1.1,0.0,0.0,-10.338,0.0,0.0,-9.867,0.0,0.0,0.891936,0.0,0.0,-8.559064000000001,0.0,0.0
THR  21,13.614,0.0,0.0,-1.083,0.0,0.0,-32.601,0.0,0.0,-6.73,0.0,0.0,0.7391951999999999,0.0,0.0,-26.0608048,0.0,0.0
GLY  22,5.074,0.0,0.0,-2.524,0.0,0.0,-4.165,0.0,0.0,-2.911,0.0,0.0,0.25683839999999997,0.0,0.0,-4.2691615999999994,0.0,0.0
LEU  23,10.213,0.0,0.0,-7.448,0.0,0.0,-33.037,0.0,0.0,0.11,0.0,0.0,0.0009576000000000001,0.0,0.0,-30.1610424,0.0,0.0
GLY  24,5.766,0.0,0.0,-3.5,0.0,0.0,-10.974,0.0,0.0,-1.97,0.0,0.0,0.051847199999999996,0.0,0.0,-10.626152800000002,0.0,0.0
PHE  25,9.247,0.0,0.0,-9.871,0.0,0.0,-5.398,0.0,0.0,-2.87,0.0,0.0,0.0087408,0.0,0.0,-8.8832592,0.0,0.0
ASN  26,17.717,0.0,0.0,-7.443,0.0,0.0,-84.731,0.0,0.0,-9.47,0.0,0.0,0.2515248,0.0,0.0,-83.6754752,0.0,0.0
ILE  27,14.563,0.0,0.0,-8.3,0.0,0.0,-16.266,0.0,0.0,1.029,0.0,0.0,0.0,0.0,0.0,-8.973999999999998,0.0,0.0
ILE  28,13.954,0.0,0.0,-7.197,0.0,0.0,-15.467,0.0,0.0,0.359,0.0,0.0,0.0258048,0.0,0.0,-8.325195200000001,0.0,0.0
GLY  29,5.75,0.0,0.0,-4.817,0.0,0.0,-7.954,0.0,0.0,-1.79,0.0,0.0,0.0066672,0.0,0.0,-8.8043328,0.0,0.0
GLY  30,6.743,0.0,0.0,-3.314,0.0,0.0,-13.782,0.0,0.0,-1.835,0.0,0.0,0.0598608,0.0,0.0,-12.1281392,0.0,0.0
GLU  31,14.861,0.0,0.0,-3.531,0.0,0.0,-30.872,0.0,0.0,-48.65,0.0,0.0,0.5489999999999999,0.0,0.0,-67.643,0.0,0.0
ASP  32,15.975,0.0,0.0,-0.953,0.0,0.0,-16.173,0.0,0.0,-69.509,0.0,0.0,0.7666704,0.0,0.0,-69.8933296,0.0,0.0
GLY  33,5.829,0.0,0.0,-1.016,0.0,0.0,-7.712,0.0,0.0,-6.983,0.0,0.0,0.4577616,0.0,0.0,-9.4242384,0.0,0.0
GLU  34,13.948,0.0,0.0,-2.998,0.0,0.0,-37.027,0.0,0.0,-47.694,0.0,0.0,0.2554632,0.0,0.0,-73.5155368,0.0,0.0
GLY  35,4.701,0.0,0.0,-2.745,0.0,0.0,-6.866,0.0,0.0,-2.702,0.0,0.0,0.010511999999999999,0.0,0.0,-7.601488,0.0,0.0
ILE  36,12.725,0.0,0.0,-7.422,0.0,0.0,-12.265,0.0,0.0,-0.749,0.0,0.0,0.0,0.0,0.0,-7.711,0.0,0.0
PHE  37,9.086,0.0,0.0,-9.575,0.0,0.0,-12.131,0.0,0.0,0.869,0.0,0.0,0.0066888,0.0,0.0,-11.7443112,0.0,0.0
ILE  38,12.426,0.0,0.0,-8.552,0.0,0.0,-12.647,0.0,0.0,-0.152,0.0,0.0,0.0,0.0,0.0,-8.924999999999999,0.0,0.0
SER  39,11.517,0.0,0.0,-5.293,0.0,0.0,-13.774,0.0,0.0,-2.22,0.0,0.0,0.072828,0.0,0.0,-9.697172,0.0,0.0
PHE  40,8.399,0.0,0.0,-4.453,0.0,0.0,-4.905,0.0,0.0,-2.997,0.0,0.0,0.7251768,0.0,0.0,-3.2308232000000014,0.0,0.0
ILE  41,13.382,0.0,0.0,-6.704,0.0,0.0,-8.004,0.0,0.0,-2.145,0.0,0.0,0.3179592,0.0,0.0,-3.1530407999999994,0.0,0.0
LEU  42,12.749,0.0,0.0,-3.876,0.0,0.0,-29.722,0.0,0.0,-3.377,0.0,0.0,0.692676,0.0,0.0,-23.533324,0.0,0.0
ALA  43,7.777,0.0,0.0,-1.792,0.0,0.0,-4.292,0.0,0.0,-2.231,0.0,0.0,0.7024392,0.0,0.0,0.16443920000000067,0.0,0.0
GLY  44,5.454,0.0,0.0,-1.719,0.0,0.0,-12.376,0.0,0.0,-0.957,0.0,0.0,0.350748,0.0,0.0,-9.247252000000001,0.0,0.0
GLY  45,5.996,0.0,0.0,-1.61,0.0,0.0,0.746,0.0,0.0,-4.645,0.0,0.0,0.04014,0.0,0.0,0.52714,0.0,0.0
PRO  46,19.595,0.0,0.0,-5.614,0.0,0.0,-11.992,0.0,0.0,-3.203,0.0,0.0,0.2402856,0.0,0.0,-0.9737144000000026,0.0,0.0
ALA  47,9.429,0.0,0.0,-5.816,0.0,0.0,-4.643,0.0,0.0,-3.421,0.0,0.0,0.0,0.0,0.0,-4.450999999999999,0.0,0.0
ASP  48,17.142,0.0,0.0,-5.025,0.0,0.0,-6.12,0.0,0.0,-75.641,0.0,0.0,0.501336,0.0,0.0,-69.14266400000001,0.0,0.0
LEU  49,12.225,0.0,0.0,-2.728,0.0,0.0,-26.967,0.0,0.0,-6.957,0.0,0.0,1.0329336,0.0,0.0,-23.3940664,0.0,0.0
SER  50,11.222,0.0,0.0,-2.649,0.0,0.0,-10.962,0.0,0.0,-8.181,0.0,0.0,0.3703824,0.0,0.0,-10.199617599999998,0.0,0.0
GLY  51,5.79,0.0,0.0,-1.921,0.0,0.0,-11.811,0.0,0.0,-2.825,0.0,0.0,0.391608,0.0,0.0,-10.375392,0.0,0.0
GLU  52,14.351,0.0,0.0,-3.707,0.0,0.0,-15.995,0.0,0.0,-62.932,0.0,0.0,0.4480632,0.0,0.0,-67.83493680000001,0.0,0.0
LEU  53,10.414,0.0,0.0,-6.855,0.0,0.0,-21.038,0.0,0.0,-3.427,0.0,0.0,0.0534744,0.0,0.0,-20.8525256,0.0,0.0
ARG  54,11.989,0.0,0.0,-7.341,0.0,0.0,-169.338,0.0,0.0,-28.949,0.0,0.0,0.9057816,0.0,0.0,-192.7332184,0.0,0.0
LYS  55,9.844,0.0,0.0,-6.483,0.0,0.0,-24.311,0.0,0.0,-16.674,0.0,0.0,0.5899464,0.0,0.0,-37.03405359999999,0.0,0.0
GLY  56,7.061,0.0,0.0,-5.158,0.0,0.0,-18.765,0.0,0.0,-0.096,0.0,0.0,0.0,0.0,0.0,-16.958000000000002,0.0,0.0
ASP  57,14.491,0.0,0.0,-8.517,0.0,0.0,-32.553,0.0,0.0,-40.366,0.0,0.0,0.060804,0.0,0.0,-66.88419599999999,0.0,0.0
GLN  58,21.127,0.0,0.0,-8.881,0.0,0.0,-87.478,0.0,0.0,2.412,0.0,0.0,0.1409184,0.0,0.0,-72.67908159999999,0.0,0.0
ILE  59,13.384,0.0,0.0,-8.146,0.0,0.0,-6.808,0.0,0.0,-2.237,0.0,0.0,0.0,0.0,0.0,-3.8070000000000004,0.0,0.0
LEU  60,12.554,0.0,0.0,-7.197,0.0,0.0,-30.32,0.0,0.0,-2.473,0.0,0.0,0.18797039999999998,0.0,0.0,-27.2480296,0.0,0.0
SER  61,10.703,0.0,0.0,-5.732,0.0,0.0,-12.115,0.0,0.0,-3.296,0.0,0.0,0.149148,0.0,0.0,-10.290852000000001,0.0,0.0
VAL  62,11.083,0.0,0.0,-6.346,0.0,0.0,-27.296,0.0,0.0,-0.803,0.0,0.0,0.0066888,0.0,0.0,-23.3553112,0.0,0.0
ASN  63,17.779,0.0,0.0,-2.867,0.0,0.0,-88.191,0.0,0.0,-9.841,0.0,0.0,0.5924448,0.0,0.0,-82.5275552,0.0,0.0
GLY  64,6.317,0.0,0.0,-1.13,0.0,0.0,-5.263,0.0,0.0,-6.398,0.0,0.0,0.519696,0.0,0.0,-5.954304,0.0,0.0
VAL  65,11.253,0.0,0.0,-2.049,0.0,0.0,-32.322,0.0,0.0,0.022,0.0,0.0,0.5431824,0.0,0.0,-22.552817600000004,0.0,0.0
ASP  66,16.71,0.0,0.0,-3.93,0.0,0.0,-57.306,0.0,0.0,-23.272,0.0,0.0,0.5362416,0.0,0.0,-67.2617584,0.0,0.0
LEU  67,11.943,0.0,0.0,-7.652,0.0,0.0,-22.728,0.0,0.0,-2.335,0.0,0.0,0.0066888,0.0,0.0,-20.765311200000003,0.0,0.0
ARG  68,12.558,0.0,0.0,-4.251,0.0,0.0,-187.166,0.0,0.0,-25.437,0.0,0.0,0.9916991999999999,0.0,0.0,-203.30430080000002,0.0,0.0
ASN  69,17.35,0.0,0.0,-1.302,0.0,0.0,-84.149,0.0,0.0,-17.367,0.0,0.0,0.9972144000000001,0.0,0.0,-84.4707856,0.0,0.0
ALA  70,7.584,0.0,0.0,-3.744,0.0,0.0,-1.219,0.0,0.0,-5.587,0.0,0.0,0.1397736,0.0,0.0,-2.8262264000000004,0.0,0.0
SER  71,10.953,0.0,0.0,-3.861,0.0,0.0,-10.631,0.0,0.0,-2.417,0.0,0.0,0.44056799999999996,0.0,0.0,-5.5154320000000014,0.0,0.0
HIE  72,30.709,0.0,0.0,-11.813,0.0,0.0,-21.473,0.0,0.0,-3.339,0.0,0.0,0.0485784,0.0,0.0,-5.867421599999998,0.0,0.0
GLU  73,16.597,0.0,0.0,-2.66,0.0,0.0,-56.956,0.0,0.0,-25.494,0.0,0.0,0.6232823999999999,0.0,0.0,-67.88971760000001,0.0,0.0
GLN  74,19.55,0.0,0.0,-5.159,0.0,0.0,-74.372,0.0,0.0,-9.467,0.0,0.0,0.7135128000000001,0.0,0.0,-68.73448719999999,0.0,0.0
ALA  75,9.321,0.0,0.0,-6.045,0.0,0.0,-8.285,0.0,0.0,0.45,0.0,0.0,0.0,0.0,0.0,-4.559,0.0,0.0
ALA  76,9.493,0.0,0.0,-5.426,0.0,0.0,-5.4,0.0,0.0,-0.774,0.0,0.0,0.037619999999999994,0.0,0.0,-2.06938,0.0,0.0
ILE  77,14.158,0.0,0.0,-3.05,0.0,0.0,-15.044,0.0,0.0,0.098,0.0,0.0,0.6731856,0.0,0.0,-3.1648144,0.0,0.0
ALA  78,9.265,0.0,0.0,-5.086,0.0,0.0,-4.037,0.0,0.0,-1.036,0.0,0.0,0.10103759999999999,0.0,0.0,-0.7929623999999997,0.0,0.0
LEU  79,12.996,0.0,0.0,-8.994,0.0,0.0,-23.743,0.0,0.0,-1.377,0.0,0.0,0.0,0.0,0.0,-21.118,0.0,0.0
LYS  80,11.391,0.0,0.0,-5.886,0.0,0.0,-11.401,0.0,0.0,-30.933,0.0,0.0,0.6606647999999999,0.0,0.0,-36.1683352,0.0,0.0
ASN  81,18.262,0.0,0.0,-1.953,0.0,0.0,-90.612,0.0,0.0,-12.177,0.0,0.0,0.9049968,0.0,0.0,-85.57500319999998,0.0,0.0
ALA  82,8.296,0.0,0.0,-3.716,0.0,0.0,-4.381,0.0,0.0,-2.325,0.0,0.0,0.0555912,0.0,0.0,-2.0704088000000014,0.0,0.0
GLY  83,5.171,0.0,0.0,-1.686,0.0,0.0,-9.315,0.0,0.0,-4.205,0.0,0.0,0.2920968,0.0,0.0,-9.7429032,0.0,0.0
GLN  84,19.72,0.0,0.0,-3.129,0.0,0.0,-72.671,0.0,0.0,-15.521,0.0,0.0,1.0605672,0.0,0.0,-70.54043280000002,0.0,0.0
THR  85,15.497,0.0,0.0,-3.851,0.0,0.0,-31.27,0.0,0.0,-5.748,0.0,0.0,0.44128799999999996,0.0,0.0,-24.930712,0.0,0.0
VAL  86,11.663,0.0,0.0,-6.4,0.0,0.0,-30.199,0.0,0.0,-0.264,0.0,0.0,0.0,0.0,0.0,-25.2,0.0,0.0
THR  87,15.023,0.0,0.0,-4.647,0.0,0.0,-33.791,0.0,0.0,-5.449,0.0,0.0,0.3421584,0.0,0.0,-28.5218416,0.0,0.0
ILE  88,12.757,0.0,0.0,-7.25,0.0,0.0,-13.622,0.0,0.0,0.686,0.0,0.0,0.0,0.0,0.0,-7.429,0.0,0.0
ILE  89,13.32,0.0,0.0,-5.544,0.0,0.0,-15.478,0.0,0.0,-0.441,0.0,0.0,0.3523824,0.0,0.0,-7.790617599999999,0.0,0.0
ALA  90,6.956,0.0,0.0,-5.154,0.0,0.0,-8.434,0.0,0.0,0.086,0.0,0.0,0.013139999999999999,0.0,0.0,-6.532859999999999,0.0,0.0
GLN  91,18.103,0.0,0.0,-7.548,0.0,0.0,-82.863,0.0,0.0,-1.606,0.0,0.0,0.299844,0.0,0.0,-73.614156,0.0,0.0
TYR  92,10.883,0.0,0.0,-10.242,0.0,0.0,-24.291,0.0,0.0,-0.214,0.0,0.0,0.10424159999999999,0.0,0.0,-23.7597584,0.0,0.0
LYS  93,12.522,0.0,0.0,-7.046,0.0,0.0,-8.3,0.0,0.0,-18.223,0.0,0.0,0.421848,0.0,0.0,-20.625152,0.0,0.0
PRO  94,19.496,0.0,0.0,-8.9,0.0,0.0,-10.866,0.0,0.0,-1.001,0.0,0.0,0.0,0.0,0.0,-1.2710000000000012,0.0,0.0
GLU  95,16.341,0.0,0.0,-3.462,0.0,0.0,-12.129,0.0,0.0,-71.035,0.0,0.0,0.7352856,0.0,0.0,-69.5497144,0.0,0.0
GLU  96,15.039,0.0,0.0,-4.961,0.0,0.0,-16.871,0.0,0.0,-63.557,0.0,0.0,0.4497264,0.0,0.0,-69.90027359999999,0.0,0.0
TYR  97,12.23,0.0,0.0,-9.932,0.0,0.0,-26.337,0.0,0.0,-3.446,0.0,0.0,0.0726984,0.0,0.0,-27.412301600000003,0.0,0.0
SER  98,11.773,0.0,0.0,-4.854,0.0,0.0,-2.49,0.0,0.0,-8.51,0.0,0.0,0.23448959999999996,0.0,0.0,-3.8465104000000006,0.0,0.0
ARG  99,14.187,0.0,0.0,-3.669,0.0,0.0,-232.919,0.0,0.0,18.503,0.0,0.0,1.0337184,0.0,0.0,-202.86428160000003,0.0,0.0
PHE 100,10.522,0.0,0.0,-5.881,0.0,0.0,-12.633,0.0,0.0,-4.627,0.0,0.0,0.1527336,0.0,0.0,-12.4662664,0.0,0.0
GLU 101,16.676,0.0,0.0,-3.045,0.0,0.0,-43.855,0.0,0.0,-40.748,0.0,0.0,0.3229632,0.0,0.0,-70.64903679999999,0.0,0.0
ALA 102,8.015,0.0,0.0,-2.015,0.0,0.0,3.695,0.0,0.0,-6.697,0.0,0.0,0.6150384,0.0,0.0,3.6130384,0.0,0.0
ASN 103,17.705,0.0,0.0,-2.365,0.0,0.0,-87.854,0.0,0.0,-9.7,0.0,0.0,0.8763912,0.0,0.0,-81.3376088,0.0,0.0
SER 104,11.159,0.0,0.0,-4.216,0.0,0.0,-7.033,0.0,0.0,-5.239,0.0,0.0,0.1549872,0.0,0.0,-5.1740128,0.0,0.0
ARG 105,12.248,0.0,0.0,-3.993,0.0,0.0,-180.726,0.0,0.0,-25.107,0.0,0.0,0.9567215999999998,0.0,0.0,-196.6212784,0.0,0.0
VAL 106,10.774,0.0,0.0,-4.713,0.0,0.0,-30.277,0.0,0.0,-4.311,0.0,0.0,0.2943216,0.0,0.0,-28.2326784,0.0,0.0
ASN 107,21.905,0.0,0.0,-3.346,0.0,0.0,-84.426,0.0,0.0,-14.769,0.0,0.0,0.4206672,0.0,0.0,-80.21533280000001,0.0,0.0
SER 108,12.306,0.0,0.0,-1.101,0.0,0.0,-4.389,0.0,0.0,-14.829,0.0,0.0,0.9502776000000001,0.0,0.0,-7.062722400000002,0.0,0.0
SER 109,11.096,0.0,0.0,-3.956,0.0,0.0,-20.103,0.0,0.0,0.338,0.0,0.0,0.0260712,0.0,0.0,-12.598928800000001,0.0,0.0
GLY 110,5.691,0.0,0.0,-3.356,0.0,0.0,-3.826,0.0,0.0,-0.6,0.0,0.0,0.0939816,0.0,0.0,-1.9970184000000002,0.0,0.0
ARG 111,10.935,0.0,0.0,-5.278,0.0,0.0,-157.001,0.0,0.0,-48.486,0.0,0.0,1.07802,0.0,0.0,-198.75197999999997,0.0,0.0
ILE 112,12.58,0.0,0.0,-5.74,0.0,0.0,-14.744,0.0,0.0,-0.609,0.0,0.0,0.17454240000000001,0.0,0.0,-8.3384576,0.0,0.0
VAL 113,10.705,0.0,0.0,-2.876,0.0,0.0,-29.429,0.0,0.0,-2.087,0.0,0.0,0.37130399999999997,0.0,0.0,-23.315696,0.0,0.0
THR 114,14.757,0.0,0.0,-2.842,0.0,0.0,-35.568,0.0,0.0,-0.921,0.0,0.0,0.47651760000000004,0.0,0.0,-24.097482399999997,0.0,0.0
ASN 115,14.914,0.0,0.0,-2.951,0.0,0.0,-81.048,0.0,0.0,-79.109,0.0,0.0,1.080936,0.0,0.0,-147.113064,0.0,0.0
LYS 116,4.197,0.0,0.0,-1.46,0.0,0.0,-98.939,0.0,0.0,-27.905,0.0,0.0,1.4165424,0.0,0.0,-122.6904576,0.0,0.0
ASN 117,19.089,0.0,0.0,-1.375,0.0,0.0,-83.081,0.0,0.0,-15.198,0.0,0.0,0.8402759999999999,0.0,0.0,-79.724724,0.0,0.0
TYR 118,9.717,0.0,0.0,-4.51,0.0,0.0,-15.089,0.0,0.0,-9.919,0.0,0.0,0.697104,0.0,0.0,-19.103896000000002,0.0,0.0
LYS 119,9.167,0.0,0.0,-3.107,0.0,0.0,-13.197,0.0,0.0,-26.92,0.0,0.0,1.0059768,0.0,0.0,-33.0510232,0.0,0.0
GLN 120,18.742,0.0,0.0,-4.139,0.0,0.0,-75.517,0.0,0.0,-13.166,0.0,0.0,0.7816896,0.0,0.0,-73.29831039999999,0.0,0.0
THR 121,14.48,0.0,0.0,-3.919,0.0,0.0,-35.003,0.0,0.0,-6.374,0.0,0.0,0.2886696,0.0,0.0,-30.5273304,0.0,0.0
SER 122,10.706,0.0,0.0,-3.897,0.0,0.0,-3.84,0.0,0.0,-4.725,0.0,0.0,0.5662079999999999,0.0,0.0,-1.1897920000000002,0.0,0.0
VAL 123,8.397,0.0,0.0,-7.79,0.0,0.0,-77.413,0.0,0.0,-31.786,0.0,0.0,0.0870768,0.0,0.0,-108.5049232,0.0,0.0


